
########## 原盘 设置页  BG0 @0x06007800 : 520 非零格 ##########
低号(<480) 112 种: [1, 2, 3, 4, 5, 6, 7, 8, 9, 10, 11, 12, 13, 14, 15, 16, 23, 24, 25, 26, 29, 30, 31, 32, 35, 36, 37, 38, 39, 40, 41, 42, 43, 44, 47, 48, 51, 52, 53, 54, 57, 58, 65, 66, 73, 74, 83, 84, 85, 86, 89, 90, 91, 92, 93, 94, 161, 162, 165, 166, 167, 168, 169, 170, 171, 172, 177, 178, 183, 184, 187, 188, 193, 194, 199, 200, 201, 202, 211, 212, 217, 218, 223, 224, 231, 232, 239, 240, 243, 244, 245, 246, 253, 254, 261, 262, 299, 300, 309, 310, 315, 316, 337, 338, 349, 350, 375, 376, 397, 398, 409, 410]
   号    1 (x5  ): (1,9) (5,8) (9,8) (13,8) (15,19)
   号    2 (x5  ): (2,9) (6,8) (10,8) (14,8) (16,19)
   号    3 (x1  ): (9,5)
   号    4 (x1  ): (10,5)
   号    5 (x6  ): (1,7) (5,17) (5,25) (7,25) (9,6) (9,15)
   号    6 (x6  ): (2,7) (6,17) (6,25) (8,25) (10,6) (10,15)
   号    7 (x2  ): (5,21) (7,7)
   号    8 (x2  ): (6,21) (8,7)
   号    9 (x2  ): (1,11) (9,18)
   号   10 (x2  ): (2,11) (10,18)
   号   11 (x2  ): (5,15) (17,4)
   号   12 (x2  ): (6,15) (18,4)
   号   13 (x3  ): (1,10) (9,17) (9,22)
   号   14 (x3  ): (2,10) (10,17) (10,22)
   号   15 (x1  ): (9,25)
   号   16 (x1  ): (10,25)
   号   23 (x1  ): (5,11)
   号   24 (x1  ): (6,11)
   号   25 (x2  ): (5,6) (9,4)
   号   26 (x2  ): (6,6) (10,4)
   号   29 (x2  ): (1,4) (7,4)
   号   30 (x2  ): (2,4) (8,4)
   号   31 (x1  ): (5,16)
   号   32 (x1  ): (6,16)
   号   35 (x1  ): (9,23)
   号   36 (x1  ): (10,23)
   号   37 (x1  ): (5,20)
   号   38 (x1  ): (6,20)
   号   39 (x1  ): (1,6)
   号   40 (x1  ): (2,6)
   号   41 (x1  ): (7,6)
   号   42 (x1  ): (8,6)
   号   43 (x2  ): (5,5) (7,24)
   号   44 (x2  ): (6,5) (8,24)
   号   47 (x1  ): (9,24)
   号   48 (x1  ): (10,24)
   号   51 (x3  ): (5,7) (9,7) (13,7)
   号   52 (x3  ): (6,7) (10,7) (14,7)
   号   53 (x3  ): (5,4) (5,9) (5,23)
   号   54 (x3  ): (6,4) (6,9) (6,23)
   号   57 (x1  ): (5,19)
   号   58 (x1  ): (6,19)
   号   65 (x2  ): (7,15) (7,23)
   号   66 (x2  ): (8,15) (8,23)
   号   73 (x2  ): (5,10) (5,24)
   号   74 (x2  ): (6,10) (6,24)
   号   83 (x3  ): (1,12) (7,16) (17,6)
   号   84 (x3  ): (2,12) (8,16) (18,6)
   号   85 (x1  ): (9,16)
   号   86 (x1  ): (10,16)
   号   89 (x1  ): (17,5)
   号   90 (x1  ): (18,5)
   号   91 (x1  ): (1,8)
   号   92 (x1  ): (2,8)
   号   93 (x1  ): (7,5)
   号   94 (x1  ): (8,5)
   号  161 (x1  ): (1,5)
   号  162 (x1  ): (2,5)
   号  165 (x2  ): (15,5) (15,16)
   号  166 (x2  ): (16,5) (16,16)
   号  167 (x3  ): (11,5) (15,4) (15,8)
   号  168 (x3  ): (12,5) (16,4) (16,8)
   号  169 (x1  ): (7,8)
   号  170 (x1  ): (8,8)
   号  171 (x1  ): (11,25)
   号  172 (x1  ): (12,25)
   号  177 (x1  ): (7,11)
   号  178 (x1  ): (8,11)
   号  183 (x1  ): (11,4)
   号  184 (x1  ): (12,4)
   号  187 (x1  ): (11,22)
   号  188 (x1  ): (12,22)
   号  193 (x2  ): (13,5) (15,15)
   号  194 (x2  ): (14,5) (16,15)
   号  199 (x1  ): (11,23)
   号  200 (x1  ): (12,23)
   号  201 (x1  ): (7,12)
   号  202 (x1  ): (8,12)
   号  211 (x2  ): (11,16) (13,15)
   号  212 (x2  ): (12,16) (14,15)
   号  217 (x1  ): (7,9)
   号  218 (x1  ): (8,9)
   号  223 (x1  ): (13,17)
   号  224 (x1  ): (14,17)
   号  231 (x2  ): (11,15) (13,9)
   号  232 (x2  ): (12,15) (14,9)
   号  239 (x1  ): (11,17)
   号  240 (x1  ): (12,17)
   号  243 (x4  ): (9,9) (9,11) (11,18) (13,18)
   号  244 (x4  ): (10,9) (10,11) (12,18) (14,18)
   号  245 (x1  ): (11,24)
   号  246 (x1  ): (12,24)
   号  253 (x3  ): (11,6) (13,6) (15,6)
   号  254 (x3  ): (12,6) (14,6) (16,6)
   号  261 (x1  ): (7,10)
   号  262 (x1  ): (8,10)
   号  299 (x3  ): (11,7) (13,11) (15,7)
   号  300 (x3  ): (12,7) (14,11) (16,7)
   号  309 (x1  ): (13,4)
   号  310 (x1  ): (14,4)
   号  315 (x1  ): (15,17)
   号  316 (x1  ): (16,17)
   号  337 (x1  ): (15,18)
   号  338 (x1  ): (16,18)
   号  349 (x3  ): (9,10) (13,10) (13,16)
   号  350 (x3  ): (10,10) (14,10) (14,16)
   号  375 (x1  ): (13,25)
   号  376 (x1  ): (14,25)
   号  397 (x2  ): (13,20) (13,23)
   号  398 (x2  ): (14,20) (14,23)
   号  409 (x1  ): (13,21)
   号  410 (x1  ): (14,21)
高号(>=480) 11 种: [503, 504, 512, 513, 514, 515, 516, 517, 518, 519, 520]
   号  503 (x1  ): (13,24)
   号  504 (x1  ): (14,24)
   号  512 (x2  ): (0,2) (4,2)
   号  513 (x48 ): (0,3) (0,4) (0,5) (0,6) (0,7) (0,8) (0,9) (0,10) (0,11) (0,12) (0,13) (0,14) (0,15) (0,16)
   号  514 (x2  ): (0,27) (4,27)
   号  515 (x16 ): (1,2) (2,2) (5,2) (6,2) (7,2) (8,2) (9,2) (10,2) (11,2) (12,2) (13,2) (14,2) (15,2) (16,2)
   号  516 (x188): (1,3) (1,13) (1,14) (1,15) (1,16) (1,17) (1,18) (1,19) (1,20) (1,21) (1,22) (1,23) (1,24) (1,25)
   号  517 (x16 ): (1,27) (2,27) (5,27) (6,27) (7,27) (8,27) (9,27) (10,27) (11,27) (12,27) (13,27) (14,27) (15,27) (16,27)
   号  518 (x2  ): (3,2) (19,2)
   号  519 (x48 ): (3,3) (3,4) (3,5) (3,6) (3,7) (3,8) (3,9) (3,10) (3,11) (3,12) (3,13) (3,14) (3,15) (3,16)
   号  520 (x2  ): (3,27) (19,27)

########## 补丁版 设置页  BG0 @0x06007800 : 520 非零格 ##########
低号(<480) 12 种: [1, 2, 3, 4, 5, 6, 7, 8, 9, 10, 11, 12]
   号    1 (x22 ): (1,4) (5,4) (5,15) (5,19) (5,23) (7,4) (7,15) (7,23) (9,4) (9,15) (9,22) (11,4) (11,15) (11,22)
   号    2 (x22 ): (2,4) (6,4) (6,15) (6,19) (6,23) (8,4) (8,15) (8,23) (10,4) (10,15) (10,22) (12,4) (12,15) (12,22)
   号    3 (x22 ): (1,5) (5,5) (5,16) (5,20) (5,24) (7,5) (7,16) (7,24) (9,5) (9,16) (9,23) (11,5) (11,16) (11,23)
   号    4 (x22 ): (2,5) (6,5) (6,16) (6,20) (6,24) (8,5) (8,16) (8,24) (10,5) (10,16) (10,23) (12,5) (12,16) (12,23)
   号    5 (x16 ): (1,6) (5,6) (5,21) (7,6) (7,25) (9,6) (9,17) (9,24) (11,6) (11,17) (11,24) (13,6) (13,17) (15,6)
   号    6 (x16 ): (2,6) (6,6) (6,21) (8,6) (8,25) (10,6) (10,17) (10,24) (12,6) (12,17) (12,24) (14,6) (14,17) (16,6)
   号    7 (x9  ): (5,7) (5,22) (7,7) (7,26) (9,7) (9,25) (11,18) (11,25) (13,7)
   号    8 (x9  ): (6,7) (6,22) (8,7) (8,26) (10,7) (10,25) (12,18) (12,25) (14,7)
   号    9 (x7  ): (5,8) (7,8) (9,8) (9,26) (11,19) (11,26) (13,8)
   号   10 (x7  ): (6,8) (8,8) (10,8) (10,26) (12,19) (12,26) (14,8)
   号   11 (x4  ): (5,9) (7,9) (9,9) (13,9)
   号   12 (x4  ): (6,9) (8,9) (10,9) (14,9)
高号(>=480) 11 种: [503, 504, 512, 513, 514, 515, 516, 517, 518, 519, 520]
   号  503 (x1  ): (13,24)
   号  504 (x1  ): (14,24)
   号  512 (x2  ): (0,2) (4,2)
   号  513 (x48 ): (0,3) (0,4) (0,5) (0,6) (0,7) (0,8) (0,9) (0,10) (0,11) (0,12) (0,13) (0,14) (0,15) (0,16)
   号  514 (x2  ): (0,27) (4,27)
   号  515 (x16 ): (1,2) (2,2) (5,2) (6,2) (7,2) (8,2) (9,2) (10,2) (11,2) (12,2) (13,2) (14,2) (15,2) (16,2)
   号  516 (x222): (1,3) (1,7) (1,8) (1,9) (1,10) (1,11) (1,12) (1,13) (1,14) (1,15) (1,16) (1,17) (1,18) (1,19)
   号  517 (x16 ): (1,27) (2,27) (5,27) (6,27) (7,27) (8,27) (9,27) (10,27) (11,27) (12,27) (13,27) (14,27) (15,27) (16,27)
   号  518 (x2  ): (3,2) (19,2)
   号  519 (x48 ): (3,3) (3,4) (3,5) (3,6) (3,7) (3,8) (3,9) (3,10) (3,11) (3,12) (3,13) (3,14) (3,15) (3,16)
   号  520 (x2  ): (3,27) (19,27)
