=== .tmp 下 dump 文件 ===
  drive_bypOpt.json                          871 bytes
  drive_bypOpt.log                           2063 bytes
  drive_bypOpt_ewram.bin                     262144 bytes
  drive_bypOpt_iwram.bin                     32768 bytes
  drive_bypOpt_vram.bin                      98304 bytes
  drive_cal.gdb                              339 bytes
  drive_cal.json                             254 bytes
  drive_cal.log                              416 bytes
  drive_cold0.json                           887 bytes
  drive_cold0.log                            1987 bytes
  drive_coldM.json                           956 bytes
  drive_coldM.log                            2388 bytes
  drive_coldN.json                           1116 bytes
  drive_coldN.log                            3002 bytes
  drive_coldNav.json                         778 bytes
  drive_coldNav.log                          2100 bytes
  drive_coldOpt.json                         823 bytes
  drive_coldOpt.log                          2274 bytes
  drive_coldOptDump.json                     974 bytes
  drive_coldOptDump.log                      2162 bytes
  drive_coldOptDump_ewram.bin                262144 bytes
  drive_coldOptDump_iwram.bin                32768 bytes
  drive_coldOptDump_vram.bin                 98304 bytes
  drive_dbg1.json                            765 bytes
  drive_dbg1.log                             2004 bytes
  drive_dbg1_ewram.bin                       262144 bytes
  drive_dbg1_iwram.bin                       32768 bytes
  drive_dbg1_vram.bin                        98304 bytes
  drive_map1.json                            934 bytes
  drive_map1.log                             2227 bytes
  drive_nav.json                             739 bytes
  drive_nav.log                              1939 bytes
  drive_nav1.json                            326 bytes
  drive_nav1.log                             1479 bytes
  drive_nav1.stdout                          1555 bytes
  drive_nav2p.json                           624 bytes
  drive_nav2p.log                            1319 bytes
  drive_nav_ewram.bin                        262144 bytes
  drive_nav_iwram.bin                        32768 bytes
  drive_nav_vram.bin                         98304 bytes
  drive_navp.json                            607 bytes
  drive_navp.log                             1256 bytes
  drive_opt.json                             784 bytes
  drive_opt.log                              2113 bytes
  drive_optIO.json                           864 bytes
  drive_optIO.log                            2179 bytes
  drive_optIO_ewram.bin                      262144 bytes
  drive_optIO_iwram.bin                      32768 bytes
  drive_optIO_vram.bin                       98304 bytes
  drive_opt_ewram.bin                        262144 bytes
  drive_opt_iwram.bin                        32768 bytes
  drive_opt_vram.bin                         98304 bytes
  drive_optp.json                            609 bytes
  drive_optp.log                             1258 bytes
  drive_plan.lua                             76 bytes
  drive_smp2.json                            371 bytes
  drive_smp2.log                             1653 bytes
  drive_smpOpt.json                          385 bytes
  drive_smpOpt.log                           1708 bytes
  drive_ss1_menu.json                        393 bytes
  drive_ss1_menu.log                         860 bytes
  drive_ss1_opt.json                         414 bytes
  drive_ss1_opt.log                          1090 bytes
  drive_ss1_opt2.json                        498 bytes
  drive_ss1_opt2.log                         1012 bytes
  drive_ss1_opt2_ewram.bin                   262144 bytes
  drive_ss6_bs.json                          764 bytes
  drive_ss6_bs.log                           1899 bytes
  drive_ss6_men3.json                        589 bytes
  drive_ss6_men3.log                         1269 bytes
  drive_ss6_menu2.json                       419 bytes
  drive_ss6_menu2.log                        1087 bytes
  drive_ss6_navi.json                        632 bytes
  drive_ss6_navi.log                         1907 bytes
  drive_ss6_ovw.json                         411 bytes
  drive_ss6_ovw.log                          1084 bytes
  drive_tw1.json                             370 bytes
  drive_tw1.log                              1653 bytes
  drive_tw1.stdout                           1729 bytes
  drive_vnlOpt.json                          576 bytes
  drive_vnlOpt.log                           298 bytes
  drive_win1.json                            371 bytes
  drive_win1.log                             1653 bytes

=== 设置页 BG0 (screenBase15)  BG map @0x06007800 : 520 非零格 ===
  低号(<480) 12 种: [1, 2, 3, 4, 5, 6, 7, 8, 9, 10, 11, 12]
    号   1 (x22): (1,4) (5,4) (5,15) (5,19) (5,23) (7,4) (7,15) (7,23) (9,4) (9,15) (9,22) (11,4) (11,15) (11,22) (13,4) (13,15) (13,20) (13,23) (15,4) (15,15) (15,18) (17,4)
    号   2 (x22): (2,4) (6,4) (6,15) (6,19) (6,23) (8,4) (8,15) (8,23) (10,4) (10,15) (10,22) (12,4) (12,15) (12,22) (14,4) (14,15) (14,20) (14,23) (16,4) (16,15) (16,18) (18,4)
    号   3 (x22): (1,5) (5,5) (5,16) (5,20) (5,24) (7,5) (7,16) (7,24) (9,5) (9,16) (9,23) (11,5) (11,16) (11,23) (13,5) (13,16) (13,21) (13,25) (15,5) (15,16) (15,19) (17,5)
    号   4 (x22): (2,5) (6,5) (6,16) (6,20) (6,24) (8,5) (8,16) (8,24) (10,5) (10,16) (10,23) (12,5) (12,16) (12,23) (14,5) (14,16) (14,21) (14,25) (16,5) (16,16) (16,19) (18,5)
    号   5 (x16): (1,6) (5,6) (5,21) (7,6) (7,25) (9,6) (9,17) (9,24) (11,6) (11,17) (11,24) (13,6) (13,17) (15,6) (15,17) (17,6)
    号   6 (x16): (2,6) (6,6) (6,21) (8,6) (8,25) (10,6) (10,17) (10,24) (12,6) (12,17) (12,24) (14,6) (14,17) (16,6) (16,17) (18,6)
    号   7 (x9 ): (5,7) (5,22) (7,7) (7,26) (9,7) (9,25) (11,18) (11,25) (13,7)
    号   8 (x9 ): (6,7) (6,22) (8,7) (8,26) (10,7) (10,25) (12,18) (12,25) (14,7)
    号   9 (x7 ): (5,8) (7,8) (9,8) (9,26) (11,19) (11,26) (13,8)
    号  10 (x7 ): (6,8) (8,8) (10,8) (10,26) (12,19) (12,26) (14,8)
    号  11 (x4 ): (5,9) (7,9) (9,9) (13,9)
    号  12 (x4 ): (6,9) (8,9) (10,9) (14,9)
  高号(>=480) 11 种: [503, 504, 512, 513, 514, 515, 516, 517, 518, 519, 520]
    号 503 (x1 ): (13,24)
    号 504 (x1 ): (14,24)
    号 512 (x2 ): (0,2) (4,2)
    号 513 (x48): (0,3) (0,4) (0,5) (0,6) (0,7) (0,8) (0,9) (0,10) (0,11) (0,12) (0,13) (0,14) (0,15) (0,16) (0,17) (0,18) (0,19) (0,20) (0,21) (0,22) (0,23) (0,24) (0,25) (0,26) (4,3) (4,4)
    号 514 (x2 ): (0,27) (4,27)
    号 515 (x16): (1,2) (2,2) (5,2) (6,2) (7,2) (8,2) (9,2) (10,2) (11,2) (12,2) (13,2) (14,2) (15,2) (16,2) (17,2) (18,2)
    号 516 (x222): (1,3) (1,7) (1,8) (1,9) (1,10) (1,11) (1,12) (1,13) (1,14) (1,15) (1,16) (1,17) (1,18) (1,19) (1,20) (1,21) (1,22) (1,23) (1,24) (1,25) (1,26) (2,3) (2,7) (2,8) (2,9) (2,10)
    号 517 (x16): (1,27) (2,27) (5,27) (6,27) (7,27) (8,27) (9,27) (10,27) (11,27) (12,27) (13,27) (14,27) (15,27) (16,27) (17,27) (18,27)
    号 518 (x2 ): (3,2) (19,2)
    号 519 (x48): (3,3) (3,4) (3,5) (3,6) (3,7) (3,8) (3,9) (3,10) (3,11) (3,12) (3,13) (3,14) (3,15) (3,16) (3,17) (3,18) (3,19) (3,20) (3,21) (3,22) (3,23) (3,24) (3,25) (3,26) (19,3) (19,4)
    号 520 (x2 ): (3,27) (19,27)

=== 采样 a4/a5 唯一对 (22 个) ===
[(4, 1), (4, 5), (4, 7), (4, 9), (4, 11), (4, 13), (4, 15), (4, 17), (15, 5), (15, 7), (15, 9), (15, 11), (15, 13), (15, 15), (18, 15), (19, 5), (20, 13), (22, 9), (22, 11), (23, 5), (23, 7), (23, 13)]

=== 这些格在设置页 map 里的号（a5=行, a4=列）===
  (行 1,列 4) -> 号    1 (raw 0x9001)
  (行 5,列 4) -> 号    1 (raw 0x9001)
  (行 7,列 4) -> 号    1 (raw 0x9001)
  (行 9,列 4) -> 号    1 (raw 0x9001)
  (行11,列 4) -> 号    1 (raw 0x9001)
  (行13,列 4) -> 号    1 (raw 0x9001)
  (行15,列 4) -> 号    1 (raw 0x9001)
  (行17,列 4) -> 号    1 (raw 0x9001)
  (行 5,列15) -> 号    1 (raw 0xF001)
  (行 7,列15) -> 号    1 (raw 0x8001)
  (行 9,列15) -> 号    1 (raw 0x8001)
  (行11,列15) -> 号    1 (raw 0x8001)
  (行13,列15) -> 号    1 (raw 0x8001)
  (行15,列15) -> 号    1 (raw 0xF001)
  (行15,列18) -> 号    1 (raw 0x8001)
  (行 5,列19) -> 号    1 (raw 0x8001)
  (行13,列20) -> 号    1 (raw 0xF001)
  (行 9,列22) -> 号    1 (raw 0xF001)
  (行11,列22) -> 号    1 (raw 0xF001)
  (行 5,列23) -> 号    1 (raw 0xF001)
  (行 7,列23) -> 号    1 (raw 0xF001)
  (行13,列23) -> 号    1 (raw 0xF001)

=== START 菜单 BG0 (screenBase31)  BG map @0x0600F800 : 160 非零格 ===
  低号(<480) 53 种: [2, 87, 88, 89, 117, 118, 119, 147, 148, 149, 150, 151, 177, 178, 179, 180, 181, 207, 208, 209, 237, 238, 239, 267, 268, 269, 270, 271, 297, 298, 299, 300, 301, 327, 328, 329, 357, 358, 359, 387]
    号   2 (x12): (2,23) (3,23) (4,23) (5,23) (6,23) (7,23) (8,23) (9,23) (10,23) (11,23) (12,23) (13,23)
    号  87 (x1 ): (2,24)
    号  88 (x1 ): (2,25)
    号  89 (x1 ): (2,26)
    号 117 (x1 ): (3,24)
    号 118 (x1 ): (3,25)
    号 119 (x1 ): (3,26)
    号 147 (x1 ): (4,24)
    号 148 (x1 ): (4,25)
    号 149 (x1 ): (4,26)
    号 150 (x1 ): (4,27)
    号 151 (x1 ): (4,28)
    号 177 (x1 ): (5,24)
    号 178 (x1 ): (5,25)
    号 179 (x1 ): (5,26)
    号 180 (x1 ): (5,27)
    号 181 (x1 ): (5,28)
    号 207 (x1 ): (6,24)
    号 208 (x1 ): (6,25)
    号 209 (x1 ): (6,26)
    号 237 (x1 ): (7,24)
    号 238 (x1 ): (7,25)
    号 239 (x1 ): (7,26)
    号 267 (x1 ): (8,24)
    号 268 (x1 ): (8,25)
    号 269 (x1 ): (8,26)
    号 270 (x1 ): (8,27)
    号 271 (x1 ): (8,28)
    号 297 (x1 ): (9,24)
    号 298 (x1 ): (9,25)
    号 299 (x1 ): (9,26)
    号 300 (x1 ): (9,27)
    号 301 (x1 ): (9,28)
    号 327 (x1 ): (10,24)
    号 328 (x1 ): (10,25)
    号 329 (x1 ): (10,26)
    号 357 (x1 ): (11,24)
    号 358 (x1 ): (11,25)
    号 359 (x1 ): (11,26)
    号 387 (x1 ): (12,24)
  高号(>=480) 15 种: [507, 508, 509, 537, 538, 539, 603, 604, 605, 606, 607, 608, 609, 610, 611]
    号 507 (x1 ): (16,24)
    号 508 (x1 ): (16,25)
    号 509 (x1 ): (16,26)
    号 537 (x1 ): (17,24)
    号 538 (x1 ): (17,25)
    号 539 (x1 ): (17,26)
    号 603 (x1 ): (0,22)
    号 604 (x6 ): (0,23) (0,24) (0,25) (0,26) (0,27) (0,28)
    号 605 (x1 ): (0,29)
    号 606 (x18): (1,22) (2,22) (3,22) (4,22) (5,22) (6,22) (7,22) (8,22) (9,22) (10,22) (11,22) (12,22) (13,22) (14,22) (15,22) (16,22) (17,22) (18,22)
    号 607 (x38): (1,23) (1,24) (1,25) (1,26) (1,27) (1,28) (2,27) (2,28) (3,27) (3,28) (6,27) (6,28) (7,27) (7,28) (10,27) (10,28) (11,27) (11,28) (12,27) (12,28) (13,27) (13,28) (14,27) (14,28) (15,27) (15,28)
    号 608 (x18): (1,29) (2,29) (3,29) (4,29) (5,29) (6,29) (7,29) (8,29) (9,29) (10,29) (11,29) (12,29) (13,29) (14,29) (15,29) (16,29) (17,29) (18,29)
    号 609 (x1 ): (19,22)
    号 610 (x6 ): (19,23) (19,24) (19,25) (19,26) (19,27) (19,28)
    号 611 (x1 ): (19,29)

=== START 菜单 同屏 BG0 screenBase15  BG map @0x06007800 : 496 非零格 ===
  低号(<480) 20 种: [102, 136, 137, 153, 307, 309, 339, 341, 342, 350, 357, 358, 363, 392, 406, 408, 409, 411, 438, 477]
    号 102 (x1 ): (10,28)
    号 136 (x12): (3,16) (4,28) (4,30) (10,30) (18,16) (18,18) (18,20) (18,22) (18,24) (18,26) (18,28) (19,24)
    号 137 (x2 ): (19,22) (20,13)
    号 153 (x2 ): (19,20) (20,11)
    号 307 (x6 ): (1,14) (3,17) (3,20) (9,9) (9,12) (9,20)
    号 309 (x1 ): (1,23)
    号 339 (x2 ): (1,25) (2,0)
    号 341 (x120): (1,13) (1,26) (1,27) (1,28) (1,29) (1,30) (1,31) (2,1) (2,2) (2,3) (2,4) (2,5) (2,6) (2,7) (2,8) (2,9) (2,10) (2,11) (2,12) (2,13) (2,14) (2,15) (2,16) (2,17) (2,18) (2,19)
    号 342 (x6 ): (2,31) (3,10) (5,24) (5,26) (5,28) (13,28)
    号 350 (x8 ): (10,4) (10,6) (10,8) (10,10) (10,12) (20,22) (20,24) (20,26)
    号 357 (x3 ): (3,8) (5,2) (11,4)
    号 358 (x7 ): (1,15) (4,17) (4,25) (9,16) (10,3) (10,16) (21,1)
    号 363 (x2 ): (13,26) (19,6)
    号 392 (x2 ): (19,26) (20,15)
    号 406 (x2 ): (5,4) (11,6)
    号 408 (x12): (4,27) (4,29) (4,31) (10,29) (10,31) (18,17) (18,19) (18,21) (18,23) (18,25) (18,31) (19,21)
    号 409 (x67): (5,6) (5,8) (5,10) (5,12) (5,14) (11,8) (11,10) (11,12) (11,14) (12,18) (12,19) (12,20) (12,21) (12,22) (12,23) (12,24) (12,25) (12,26) (12,27) (12,28) (12,29) (12,30) (12,31) (13,16) (13,18) (18,0)
    号 411 (x1 ): (19,8)
    号 438 (x3 ): (10,15) (10,27) (18,29)
    号 477 (x6 ): (14,0) (14,1) (14,4) (14,5) (14,8) (14,9)
  高号(>=480) 30 种: [546, 563, 566, 595, 597, 613, 614, 619, 622, 665, 694, 696, 699, 728, 733, 742, 750, 802, 819, 822, 851, 867, 904, 921, 953, 955, 998, 1006, 1022, 1023]
    号 546 (x1 ): (0,17)
    号 563 (x2 ): (0,16) (0,25)
    号 566 (x1 ): (5,20)
    号 595 (x2 ): (9,1) (9,18)
    号 597 (x13): (2,30) (3,6) (3,21) (3,24) (4,0) (4,23) (5,0) (9,31) (10,1) (10,26) (11,2) (21,7) (21,16)
    号 613 (x6 ): (1,12) (2,29) (3,1) (10,13) (10,25) (21,18)
    号 614 (x45): (3,23) (3,26) (4,2) (4,18) (4,26) (5,16) (5,18) (5,31) (6,0) (6,1) (6,2) (6,3) (6,4) (6,5) (6,6) (6,7) (6,8) (6,9) (6,10) (6,11) (6,12) (6,13) (6,14) (6,15) (9,19) (10,2)
    号 619 (x4 ): (5,15) (11,15) (13,17) (13,19)
    号 622 (x3 ): (3,13) (5,30) (13,27)
    号 665 (x1 ): (19,4)
    号 694 (x2 ): (3,15) (19,1)
    号 696 (x1 ): (18,27)
    号 699 (x22): (5,1) (5,3) (5,5) (5,7) (5,9) (5,11) (5,13) (11,1) (11,3) (11,5) (11,7) (11,9) (11,11) (11,13) (13,24) (19,3) (19,5) (19,7) (19,9) (19,11) (19,13) (19,15)
    号 728 (x1 ): (5,17)
    号 733 (x1 ): (5,19)
    号 742 (x2 ): (3,3) (13,21)
    号 750 (x14): (3,5) (3,7) (3,9) (3,11) (13,23) (13,25) (14,2) (14,3) (14,6) (14,7) (14,10) (14,11) (14,14) (14,15)
    号 802 (x1 ): (0,19)
    号 819 (x39): (0,18) (0,20) (0,22) (0,24) (0,26) (0,27) (0,28) (0,29) (0,30) (0,31) (1,0) (1,1) (1,2) (1,3) (1,4) (1,5) (1,6) (1,7) (1,8) (1,9) (1,11) (1,16) (1,17) (1,18) (1,19) (1,20)
    号 822 (x3 ): (0,21) (1,10) (5,22)
    号 851 (x2 ): (1,21) (1,24)
    号 867 (x1 ): (0,23)
    号 904 (x1 ): (3,18)
    号 921 (x2 ): (13,20) (19,19)
    号 953 (x1 ): (13,22)
    号 955 (x18): (4,16) (19,16) (19,18) (20,0) (20,1) (20,2) (20,3) (20,16) (20,17) (20,18) (20,19) (20,30) (20,31) (21,0) (22,2) (22,3) (22,4) (22,5)
    号 998 (x2 ): (13,29) (21,20)
    号 1006 (x5 ): (3,25) (3,28) (4,1) (4,4) (5,21)
    号 1022 (x3 ): (13,31) (21,12) (21,22)
    号 1023 (x32): (3,27) (3,29) (3,30) (3,31) (4,3) (4,5) (4,6) (4,7) (4,8) (4,9) (4,10) (4,11) (4,12) (4,13) (4,14) (4,15) (21,11) (21,13) (21,14) (21,15) (21,17) (21,19) (21,21) (21,23) (21,24) (21,25)

=== 领航员 BG  BG map @0x0600F800 : 102 非零格 ===
  低号(<480) 27 种: [1, 2, 3, 4, 5, 6, 7, 8, 9, 10, 11, 12, 13, 14, 15, 16, 17, 18, 19, 20, 21, 22, 23, 24, 25, 26, 27]
    号   1 (x12): (27,17) (27,18) (27,19) (27,20) (27,21) (27,22) (27,23) (27,24) (27,25) (27,26) (27,27) (27,28)
    号   2 (x1 ): (16,17)
    号   3 (x1 ): (17,17)
    号   4 (x1 ): (16,18)
    号   5 (x1 ): (17,18)
    号   6 (x1 ): (16,19)
    号   7 (x1 ): (17,19)
    号   8 (x1 ): (16,20)
    号   9 (x1 ): (17,20)
    号  10 (x1 ): (16,21)
    号  11 (x1 ): (17,21)
    号  12 (x1 ): (16,22)
    号  13 (x1 ): (17,22)
    号  14 (x1 ): (16,23)
    号  15 (x1 ): (17,23)
    号  16 (x1 ): (16,24)
    号  17 (x1 ): (17,24)
    号  18 (x1 ): (16,25)
    号  19 (x1 ): (17,25)
    号  20 (x1 ): (16,26)
    号  21 (x1 ): (17,26)
    号  22 (x1 ): (16,27)
    号  23 (x1 ): (17,27)
    号  24 (x1 ): (16,28)
    号  25 (x1 ): (17,28)
    号  26 (x1 ): (16,29)
    号  27 (x1 ): (17,29)
  高号(>=480) 9 种: [512, 513, 514, 515, 517, 518, 519, 520, 641]
    号 512 (x1 ): (15,16)
    号 513 (x12): (15,17) (15,18) (15,19) (15,20) (15,21) (15,22) (15,23) (15,24) (15,25) (15,26) (15,27) (15,28)
    号 514 (x1 ): (15,29)
    号 515 (x13): (16,16) (17,16) (18,16) (19,16) (20,16) (21,16) (22,16) (23,16) (24,16) (25,16) (26,16) (27,16) (28,16)
    号 517 (x11): (18,29) (19,29) (20,29) (21,29) (22,29) (23,29) (24,29) (25,29) (26,29) (27,29) (28,29)
    号 518 (x1 ): (29,16)
    号 519 (x12): (29,17) (29,18) (29,19) (29,20) (29,21) (29,22) (29,23) (29,24) (29,25) (29,26) (29,27) (29,28)
    号 520 (x1 ): (29,29)
    号 641 (x12): (28,17) (28,18) (28,19) (28,20) (28,21) (28,22) (28,23) (28,24) (28,25) (28,26) (28,27) (28,28)

=== 领航员 BG  BG map @0x0600D800 : 737 非零格 ===
  低号(<480) 73 种: [1, 2, 3, 4, 5, 6, 7, 8, 9, 10, 11, 12, 13, 14, 15, 16, 17, 18, 19, 20, 21, 22, 23, 24, 25, 26, 27, 28, 29, 30, 31, 32, 33, 34, 35, 36, 37, 38, 39, 40]
    号   1 (x1 ): (0,1)
    号   2 (x1 ): (0,2)
    号   3 (x4 ): (0,3) (0,9) (0,12) (0,20)
    号   4 (x5 ): (0,4) (0,8) (0,13) (0,17) (0,19)
    号   5 (x1 ): (0,5)
    号   6 (x1 ): (0,6)
    号   7 (x1 ): (0,7)
    号   8 (x1 ): (0,14)
    号   9 (x1 ): (0,15)
    号  10 (x1 ): (0,16)
    号  11 (x1 ): (0,18)
    号  12 (x588): (0,30) (0,31) (1,30) (1,31) (2,30) (2,31) (3,30) (3,31) (4,0) (4,1) (4,2) (4,3) (4,4) (4,5) (4,6) (4,7) (4,8) (4,9) (4,10) (4,11) (4,12) (4,13) (4,14) (4,15) (4,16) (4,17)
    号  13 (x1 ): (1,1)
    号  14 (x1 ): (1,2)
    号  15 (x1 ): (1,3)
    号  16 (x3 ): (1,4) (1,8) (1,19)
    号  17 (x1 ): (1,5)
    号  18 (x1 ): (1,6)
    号  19 (x3 ): (1,7) (1,9) (1,12)
    号  20 (x2 ): (1,13) (1,17)
    号  21 (x1 ): (1,14)
    号  22 (x1 ): (1,15)
    号  23 (x1 ): (1,16)
    号  24 (x1 ): (1,18)
    号  25 (x1 ): (1,20)
    号  26 (x30): (2,0) (2,1) (2,2) (2,3) (2,4) (2,5) (2,6) (2,7) (2,8) (2,9) (2,10) (2,11) (2,12) (2,13) (2,14) (2,15) (2,16) (2,17) (2,18) (2,19) (2,20) (2,21) (2,22) (2,23) (2,24) (2,25)
    号  27 (x30): (3,0) (3,1) (3,2) (3,3) (3,4) (3,5) (3,6) (3,7) (3,8) (3,9) (3,10) (3,11) (3,12) (3,13) (3,14) (3,15) (3,16) (3,17) (3,18) (3,19) (3,20) (3,21) (3,22) (3,23) (3,24) (3,25)
    号  28 (x1 ): (22,0)
    号  29 (x2 ): (22,1) (22,8)
    号  30 (x7 ): (22,6) (22,12) (22,13) (22,14) (22,15) (22,16) (22,29)
    号  31 (x1 ): (22,7)
    号  32 (x1 ): (22,17)
    号  33 (x1 ): (22,18)
    号  34 (x1 ): (22,19)
    号  35 (x1 ): (22,20)
    号  36 (x1 ): (22,21)
    号  37 (x1 ): (22,22)
    号  38 (x1 ): (22,23)
    号  39 (x1 ): (22,24)
    号  40 (x1 ): (22,25)
  高号(>=480) 0 种: []

=== 领航员 BG  BG map @0x0600E000 : 186 非零格 ===
  低号(<480) 82 种: [8, 10, 11, 12, 13, 15, 20, 22, 35, 58, 67, 76, 77, 79, 83, 87, 91, 95, 99, 101, 102, 108, 115, 116, 119, 124, 127, 131, 139, 143, 149, 155, 159, 183, 188, 189, 203, 205, 208, 209]
    号   8 (x1 ): (10,6)
    号  10 (x2 ): (1,5) (1,7)
    号  11 (x1 ): (2,1)
    号  12 (x1 ): (2,6)
    号  13 (x1 ): (5,3)
    号  15 (x1 ): (2,3)
    号  20 (x1 ): (11,1)
    号  22 (x1 ): (14,13)
    号  35 (x1 ): (3,7)
    号  58 (x1 ): (4,10)
    号  67 (x1 ): (5,5)
    号  76 (x1 ): (7,13)
    号  77 (x2 ): (5,13) (8,13)
    号  79 (x1 ): (6,1)
    号  83 (x1 ): (6,3)
    号  87 (x1 ): (6,5)
    号  91 (x1 ): (6,7)
    号  95 (x1 ): (6,9)
    号  99 (x1 ): (6,12)
    号 101 (x1 ): (6,13)
    号 102 (x1 ): (10,14)
    号 108 (x1 ): (9,7)
    号 115 (x1 ): (7,9)
    号 116 (x1 ): (12,3)
    号 119 (x1 ): (8,0)
    号 124 (x1 ): (8,3)
    号 127 (x1 ): (8,6)
    号 131 (x1 ): (8,8)
    号 139 (x1 ): (9,0)
    号 143 (x1 ): (9,2)
    号 149 (x1 ): (17,5)
    号 155 (x2 ): (15,3) (18,5)
    号 159 (x1 ): (9,14)
    号 183 (x1 ): (11,4)
    号 188 (x1 ): (11,9)
    号 189 (x1 ): (16,14)
    号 203 (x1 ): (12,14)
    号 205 (x1 ): (12,15)
    号 208 (x1 ): (13,4)
    号 209 (x1 ): (13,5)
  高号(>=480) 63 种: [481, 482, 512, 513, 517, 518, 524, 525, 529, 533, 549, 577, 588, 589, 593, 597, 601, 605, 609, 624, 625, 633, 641, 645, 653, 685, 709, 732, 741, 768, 770, 774, 775, 784, 794, 798, 802, 810, 814, 818]
    号 481 (x1 ): (16,1)
    号 482 (x1 ): (16,2)
    号 512 (x4 ): (6,0) (13,1) (15,11) (17,4)
    号 513 (x1 ): (7,0)
    号 517 (x1 ): (1,2)
    号 518 (x1 ): (3,8)
    号 524 (x1 ): (2,7)
    号 525 (x1 ): (2,2)
    号 529 (x1 ): (2,4)
    号 533 (x1 ): (2,8)
    号 549 (x1 ): (3,9)
    号 577 (x1 ): (5,4)
    号 588 (x1 ): (8,5)
    号 589 (x4 ): (9,13) (10,13) (11,13) (12,13)
    号 593 (x1 ): (6,2)
    号 597 (x1 ): (6,4)
    号 601 (x1 ): (6,6)
    号 605 (x1 ): (6,8)
    号 609 (x1 ): (6,10)
    号 624 (x1 ): (7,7)
    号 625 (x1 ): (7,8)
    号 633 (x1 ): (8,1)
    号 641 (x1 ): (8,7)
    号 645 (x1 ): (8,9)
    号 653 (x1 ): (9,1)
    号 685 (x1 ): (10,7)
    号 709 (x1 ): (12,4)
    号 732 (x1 ): (15,2)
    号 741 (x1 ): (17,1)
    号 768 (x11): (3,0) (4,0) (5,0) (8,10) (10,10) (11,0) (13,14) (14,11) (15,9) (15,12) (16,6)
    号 770 (x1 ): (0,3)
    号 774 (x1 ): (1,3)
    号 775 (x1 ): (2,5)
    号 784 (x1 ): (7,1)
    号 794 (x1 ): (3,2)
    号 798 (x1 ): (3,4)
    号 802 (x1 ): (3,6)
    号 810 (x1 ): (4,2)
    号 814 (x1 ): (4,4)
    号 818 (x1 ): (4,6)

=== 领航员 BG  BG map @0x06007800 : 496 非零格 ===
  低号(<480) 20 种: [102, 136, 137, 153, 307, 309, 339, 341, 342, 350, 357, 358, 363, 392, 406, 408, 409, 411, 438, 477]
    号 102 (x1 ): (10,28)
    号 136 (x12): (3,16) (4,28) (4,30) (10,30) (18,16) (18,18) (18,20) (18,22) (18,24) (18,26) (18,28) (19,24)
    号 137 (x2 ): (19,22) (20,13)
    号 153 (x2 ): (19,20) (20,11)
    号 307 (x6 ): (1,14) (3,17) (3,20) (9,9) (9,12) (9,20)
    号 309 (x1 ): (1,23)
    号 339 (x2 ): (1,25) (2,0)
    号 341 (x120): (1,13) (1,26) (1,27) (1,28) (1,29) (1,30) (1,31) (2,1) (2,2) (2,3) (2,4) (2,5) (2,6) (2,7) (2,8) (2,9) (2,10) (2,11) (2,12) (2,13) (2,14) (2,15) (2,16) (2,17) (2,18) (2,19)
    号 342 (x6 ): (2,31) (3,10) (5,24) (5,26) (5,28) (13,28)
    号 350 (x8 ): (10,4) (10,6) (10,8) (10,10) (10,12) (20,22) (20,24) (20,26)
    号 357 (x3 ): (3,8) (5,2) (11,4)
    号 358 (x7 ): (1,15) (4,17) (4,25) (9,16) (10,3) (10,16) (21,1)
    号 363 (x2 ): (13,26) (19,6)
    号 392 (x2 ): (19,26) (20,15)
    号 406 (x2 ): (5,4) (11,6)
    号 408 (x12): (4,27) (4,29) (4,31) (10,29) (10,31) (18,17) (18,19) (18,21) (18,23) (18,25) (18,31) (19,21)
    号 409 (x67): (5,6) (5,8) (5,10) (5,12) (5,14) (11,8) (11,10) (11,12) (11,14) (12,18) (12,19) (12,20) (12,21) (12,22) (12,23) (12,24) (12,25) (12,26) (12,27) (12,28) (12,29) (12,30) (12,31) (13,16) (13,18) (18,0)
    号 411 (x1 ): (19,8)
    号 438 (x3 ): (10,15) (10,27) (18,29)
    号 477 (x6 ): (14,0) (14,1) (14,4) (14,5) (14,8) (14,9)
  高号(>=480) 30 种: [546, 563, 566, 595, 597, 613, 614, 619, 622, 665, 694, 696, 699, 728, 733, 742, 750, 802, 819, 822, 851, 867, 904, 921, 953, 955, 998, 1006, 1022, 1023]
    号 546 (x1 ): (0,17)
    号 563 (x2 ): (0,16) (0,25)
    号 566 (x1 ): (5,20)
    号 595 (x2 ): (9,1) (9,18)
    号 597 (x13): (2,30) (3,6) (3,21) (3,24) (4,0) (4,23) (5,0) (9,31) (10,1) (10,26) (11,2) (21,7) (21,16)
    号 613 (x6 ): (1,12) (2,29) (3,1) (10,13) (10,25) (21,18)
    号 614 (x45): (3,23) (3,26) (4,2) (4,18) (4,26) (5,16) (5,18) (5,31) (6,0) (6,1) (6,2) (6,3) (6,4) (6,5) (6,6) (6,7) (6,8) (6,9) (6,10) (6,11) (6,12) (6,13) (6,14) (6,15) (9,19) (10,2)
    号 619 (x4 ): (5,15) (11,15) (13,17) (13,19)
    号 622 (x3 ): (3,13) (5,30) (13,27)
    号 665 (x1 ): (19,4)
    号 694 (x2 ): (3,15) (19,1)
    号 696 (x1 ): (18,27)
    号 699 (x22): (5,1) (5,3) (5,5) (5,7) (5,9) (5,11) (5,13) (11,1) (11,3) (11,5) (11,7) (11,9) (11,11) (11,13) (13,24) (19,3) (19,5) (19,7) (19,9) (19,11) (19,13) (19,15)
    号 728 (x1 ): (5,17)
    号 733 (x1 ): (5,19)
    号 742 (x2 ): (3,3) (13,21)
    号 750 (x14): (3,5) (3,7) (3,9) (3,11) (13,23) (13,25) (14,2) (14,3) (14,6) (14,7) (14,10) (14,11) (14,14) (14,15)
    号 802 (x1 ): (0,19)
    号 819 (x39): (0,18) (0,20) (0,22) (0,24) (0,26) (0,27) (0,28) (0,29) (0,30) (0,31) (1,0) (1,1) (1,2) (1,3) (1,4) (1,5) (1,6) (1,7) (1,8) (1,9) (1,11) (1,16) (1,17) (1,18) (1,19) (1,20)
    号 822 (x3 ): (0,21) (1,10) (5,22)
    号 851 (x2 ): (1,21) (1,24)
    号 867 (x1 ): (0,23)
    号 904 (x1 ): (3,18)
    号 921 (x2 ): (13,20) (19,19)
    号 953 (x1 ): (13,22)
    号 955 (x18): (4,16) (19,16) (19,18) (20,0) (20,1) (20,2) (20,3) (20,16) (20,17) (20,18) (20,19) (20,30) (20,31) (21,0) (22,2) (22,3) (22,4) (22,5)
    号 998 (x2 ): (13,29) (21,20)
    号 1006 (x5 ): (3,25) (3,28) (4,1) (4,4) (5,21)
    号 1022 (x3 ): (13,31) (21,12) (21,22)
    号 1023 (x32): (3,27) (3,29) (3,30) (3,31) (4,3) (4,5) (4,6) (4,7) (4,8) (4,9) (4,10) (4,11) (4,12) (4,13) (4,14) (4,15) (21,11) (21,13) (21,14) (21,15) (21,17) (21,19) (21,21) (21,23) (21,24) (21,25)

=== 设置页 win @0x0202E658 周边 (off 0x2E658) ===
  0202e618  00 00 00 00 00 00 00 00 00 00 00 00 00 00 00 00  |................|
  0202e628  00 00 00 00 00 00 00 00 00 00 00 00 00 00 00 00  |................|
  0202e638  00 00 00 00 00 00 00 00 00 00 00 00 00 00 00 00  |................|
  0202e648  00 00 00 00 06 08 00 01 02 03 04 05 06 07 00 00  |................|
  0202e658  74 b8 1b 08 00 00 00 00 00 00 01 03 01 0f 08 0f  |t...............|
  0202e668  d0 7d 00 03 07 00 01 00 04 00 17 02 05 00 00 00  |.}..............|
  0202e678  00 00 00 00 00 00 00 00 00 00 00 00 00 00 00 00  |................|
  0202e688  00 00 00 00 00 00 00 00 00 00 00 00 00 00 00 00  |................|
  0202e698  00 00 00 00 00 00 00 00 00 00 00 00 00 00 00 00  |................|
  0202e6a8  00 00 00 00 00 00 00 00 00 00 00 00 00 00 00 00  |................|
  0202e6b8  00 00 00 00 00 00 00 00 00 00 00 00 00 00 00 00  |................|
  0202e6c8  00 00 00 00 00 00 00 00 00 00 00 00 00 00 00 00  |................|
  0202e6d8  00 00 00 00 00 00 00 00 00 00 00 00 00 00 00 00  |................|

  win 字段值:
    win[0x00] = 0xB874 (u16=47220)
    win[0x02] = 0x081B (u16=2075)
    win[0x04] = 0x0000 (u16=0)
    win[0x06] = 0x0000 (u16=0)
    win[0x08] = 0x0000 (u16=0)
    win[0x09] = 0x0100 (u16=256)
    win[0x0A] = 0x0301 (u16=769)
    win[0x0B] = 0x0103 (u16=259)
    win[0x0C] = 0x0F01 (u16=3841)
    win[0x0D] = 0x080F (u16=2063)
    win[0x0E] = 0x0F08 (u16=3848)
    win[0x0F] = 0xD00F (u16=53263)
    win[0x10] = 0x7DD0 (u16=32208)
    win[0x14] = 0x0007 (u16=7)
    win[0x16] = 0x0001 (u16=1)
    win[0x18] = 0x0004 (u16=4)
    win[0x1A] = 0x0217 (u16=535)
    win[0x1B] = 0x0502 (u16=1282)
    win[0x1C] = 0x0005 (u16=5)
    win[0x1D] = 0x0000 (u16=0)
    win[0x1E] = 0x0000 (u16=0)
    win[0x1F] = 0x0000 (u16=0)
    win[0x20] = 0x0000 (u16=0)
    win[0x22] = 0x0000 (u16=0)
    win[0x24] = 0x0000 (u16=0)
    win[0x26] = 0x0000 (u16=0)
    win[0x28] = 0x0000 (u16=0)
    win[0x2A] = 0x0000 (u16=0)
    win[0x2C] = 0x0000 (u16=0)
    win[0x2E] = 0x0000 (u16=0)
